# relative_time, cycles_done, cur_item, corpus_count, pending_total, pending_favs, map_size, saved_crashes, saved_hangs, max_depth, execs_per_sec, total_execs, edges_found
61, 26, 3, 6, 0, 0, 0.00%, 0, 0, 1, 916.23, 58562, 0
66, 28, 3, 6, 0, 0, 0.00%, 0, 0, 1, 924.62, 63262, 0
71, 30, 3, 6, 0, 0, 0.00%, 0, 0, 1, 862.45, 67658, 0
76, 32, 3, 6, 0, 0, 0.00%, 0, 0, 1, 912.50, 72406, 0
81, 34, 3, 6, 0, 0, 0.00%, 0, 0, 1, 916.91, 77061, 0
87, 36, 3, 6, 0, 0, 0.00%, 0, 0, 1, 926.79, 81821, 0
92, 38, 3, 6, 0, 0, 0.00%, 0, 0, 1, 910.91, 86478, 0
97, 40, 3, 6, 0, 0, 0.00%, 0, 0, 1, 920.72, 91238, 0
102, 42, 3, 6, 0, 0, 0.00%, 0, 0, 1, 923.96, 96010, 0
107, 44, 3, 6, 0, 0, 0.00%, 0, 0, 1, 926.68, 100782, 0
112, 47, 3, 6, 0, 0, 0.00%, 0, 0, 1, 918.88, 105518, 0
117, 49, 3, 6, 0, 0, 0.00%, 0, 0, 1, 913.88, 110194, 0
123, 51, 3, 6, 0, 0, 0.00%, 0, 0, 1, 927.16, 114978, 0
128, 53, 3, 6, 0, 0, 0.00%, 0, 0, 1, 919.69, 119714, 0
133, 55, 3, 6, 0, 0, 0.00%, 0, 0, 1, 922.56, 124474, 0
138, 57, 3, 6, 0, 0, 0.00%, 0, 0, 1, 913.69, 129122, 0
143, 59, 3, 6, 0, 0, 0.00%, 0, 0, 1, 928.41, 133901, 0
148, 61, 3, 6, 0, 0, 0.00%, 0, 0, 1, 896.19, 138546, 0
153, 63, 3, 6, 0, 0, 0.00%, 0, 0, 1, 884.45, 143140, 0
159, 65, 3, 6, 0, 0, 0.00%, 0, 0, 1, 889.50, 147810, 0
164, 68, 3, 6, 0, 0, 0.00%, 0, 0, 1, 907.19, 152474, 0
169, 69, 3, 6, 0, 0, 0.00%, 0, 0, 1, 855.94, 156842, 0
174, 71, 3, 6, 0, 0, 0.00%, 0, 0, 1, 811.64, 160934, 0
179, 73, 3, 6, 0, 0, 0.00%, 0, 0, 1, 862.14, 165343, 0
184, 75, 3, 6, 0, 0, 0.00%, 0, 0, 1, 851.43, 169847, 0
189, 77, 3, 6, 0, 0, 0.00%, 0, 0, 1, 905.05, 174422, 0
194, 79, 3, 6, 0, 0, 0.00%, 0, 0, 1, 932.07, 179098, 0
200, 82, 3, 6, 0, 0, 0.00%, 0, 0, 1, 948.93, 183942, 0
205, 84, 3, 6, 0, 0, 0.00%, 0, 0, 1, 951.70, 188858, 0
210, 86, 3, 6, 0, 0, 0.00%, 0, 0, 1, 932.28, 193634, 0
215, 88, 3, 6, 0, 0, 0.00%, 0, 0, 1, 928.43, 198406, 0
220, 90, 3, 6, 0, 0, 0.00%, 0, 0, 1, 938.36, 203214, 0
225, 92, 3, 6, 0, 0, 0.00%, 0, 0, 1, 936.98, 207962, 0
230, 94, 3, 6, 0, 0, 0.00%, 0, 0, 1, 929.46, 212734, 0
235, 97, 3, 6, 0, 0, 0.00%, 0, 0, 1, 929.79, 217530, 0
241, 99, 3, 6, 0, 0, 0.00%, 0, 0, 1, 936.53, 222326, 0
246, 101, 3, 6, 0, 0, 0.00%, 0, 0, 1, 919.43, 226990, 0
251, 103, 3, 6, 0, 0, 0.00%, 0, 0, 1, 924.30, 231693, 0
256, 105, 3, 6, 0, 0, 0.00%, 0, 0, 1, 916.96, 236399, 0
261, 107, 3, 6, 0, 0, 0.00%, 0, 0, 1, 908.20, 241050, 0
266, 109, 3, 6, 0, 0, 0.00%, 0, 0, 1, 934.82, 245870, 0
271, 111, 3, 6, 0, 0, 0.00%, 0, 0, 1, 901.66, 250498, 0
276, 113, 3, 6, 0, 0, 0.00%, 0, 0, 1, 926.47, 255213, 0
282, 116, 3, 6, 0, 0, 0.00%, 0, 0, 1, 913.97, 259937, 0
287, 118, 3, 6, 0, 0, 0.00%, 0, 0, 1, 885.39, 264431, 0
292, 120, 3, 6, 0, 0, 0.00%, 0, 0, 1, 900.96, 269086, 0
297, 122, 3, 6, 0, 0, 0.00%, 0, 0, 1, 905.34, 273750, 0
302, 124, 3, 6, 0, 0, 0.00%, 0, 0, 1, 892.96, 278290, 0
307, 126, 3, 6, 0, 0, 0.00%, 0, 0, 1, 914.08, 282978, 0
312, 128, 3, 6, 0, 0, 0.00%, 0, 0, 1, 893.19, 287555, 0
317, 130, 3, 6, 0, 0, 0.00%, 0, 0, 1, 923.50, 292350, 0
323, 132, 3, 6, 0, 0, 0.00%, 0, 0, 1, 932.22, 297159, 0
328, 134, 3, 6, 0, 0, 0.00%, 0, 0, 1, 901.27, 301702, 0
333, 136, 3, 6, 0, 0, 0.00%, 0, 0, 1, 832.51, 306058, 0
338, 138, 3, 6, 0, 0, 0.00%, 0, 0, 1, 850.54, 310363, 0
343, 140, 3, 6, 0, 0, 0.00%, 0, 0, 1, 916.80, 315214, 0
348, 142, 3, 6, 0, 0, 0.00%, 0, 0, 1, 920.60, 319902, 0
353, 144, 3, 6, 0, 0, 0.00%, 0, 0, 1, 938.13, 324746, 0
358, 147, 3, 6, 0, 0, 0.00%, 0, 0, 1, 938.18, 329555, 0
364, 149, 3, 6, 0, 0, 0.00%, 0, 0, 1, 942.43, 334399, 0
369, 151, 3, 6, 0, 0, 0.00%, 0, 0, 1, 918.27, 339122, 0
374, 153, 3, 6, 0, 0, 0.00%, 0, 0, 1, 911.58, 343798, 0
379, 155, 3, 6, 0, 0, 0.00%, 0, 0, 1, 928.11, 348546, 0
384, 157, 3, 6, 0, 0, 0.00%, 0, 0, 1, 931.13, 353355, 0
389, 159, 3, 6, 0, 0, 0.00%, 0, 0, 1, 936.80, 358102, 0
394, 161, 3, 6, 0, 0, 0.00%, 0, 0, 1, 920.40, 362826, 0
399, 164, 3, 6, 0, 0, 0.00%, 0, 0, 1, 921.22, 367598, 0
405, 166, 3, 6, 0, 0, 0.00%, 0, 0, 1, 924.83, 372394, 0
410, 168, 3, 6, 0, 0, 0.00%, 0, 0, 1, 929.92, 377131, 0
415, 170, 3, 6, 0, 0, 0.00%, 0, 0, 1, 930.65, 381818, 0
420, 172, 3, 6, 0, 0, 0.00%, 0, 0, 1, 912.14, 386334, 0
425, 174, 3, 6, 0, 0, 0.00%, 0, 0, 1, 932.93, 391118, 0
430, 176, 3, 6, 0, 0, 0.00%, 0, 0, 1, 934.83, 395981, 0
435, 178, 3, 6, 0, 0, 0.00%, 0, 0, 1, 934.67, 400698, 0
441, 181, 3, 6, 0, 0, 0.00%, 0, 0, 1, 937.22, 405501, 0
446, 183, 3, 6, 0, 0, 0.00%, 0, 0, 1, 930.77, 410297, 0
451, 185, 3, 6, 0, 0, 0.00%, 0, 0, 1, 935.44, 415126, 0
456, 187, 3, 6, 0, 0, 0.00%, 0, 0, 1, 954.41, 419982, 0
461, 189, 3, 6, 0, 0, 0.00%, 0, 0, 1, 946.75, 424790, 0
466, 191, 3, 6, 0, 0, 0.00%, 0, 0, 1, 921.33, 429466, 0
471, 193, 3, 6, 0, 0, 0.00%, 0, 0, 1, 906.25, 434115, 0
476, 195, 3, 6, 0, 0, 0.00%, 0, 0, 1, 845.10, 438486, 0
482, 197, 3, 6, 0, 0, 0.00%, 0, 0, 1, 888.07, 443162, 0
487, 199, 3, 6, 0, 0, 0.00%, 0, 0, 1, 921.74, 447898, 0
492, 201, 3, 6, 0, 0, 0.00%, 0, 0, 1, 894.43, 452486, 0
497, 203, 3, 6, 0, 0, 0.00%, 0, 0, 1, 860.75, 456954, 0
502, 206, 3, 6, 0, 0, 0.00%, 0, 0, 1, 936.34, 461781, 0
507, 208, 3, 6, 0, 0, 0.00%, 0, 0, 1, 868.19, 466328, 0
512, 209, 3, 6, 0, 0, 0.00%, 0, 0, 1, 794.25, 470274, 0
518, 211, 3, 6, 0, 0, 0.00%, 0, 0, 1, 849.84, 474582, 0
523, 213, 3, 6, 0, 0, 0.00%, 0, 0, 1, 907.13, 479343, 0
528, 216, 3, 6, 0, 0, 0.00%, 0, 0, 1, 912.05, 484042, 0
533, 218, 3, 6, 0, 0, 0.00%, 0, 0, 1, 914.31, 488754, 0
538, 220, 3, 6, 0, 0, 0.00%, 0, 0, 1, 916.89, 493457, 0
543, 222, 3, 6, 0, 0, 0.00%, 0, 0, 1, 924.88, 498217, 0
548, 224, 3, 6, 0, 0, 0.00%, 0, 0, 1, 901.84, 502766, 0
553, 226, 3, 6, 0, 0, 0.00%, 0, 0, 1, 915.03, 507379, 0
559, 228, 3, 6, 0, 0, 0.00%, 0, 0, 1, 753.61, 510959, 0
564, 229, 3, 6, 0, 0, 0.00%, 0, 0, 1, 777.47, 515039, 0
569, 231, 3, 6, 0, 0, 0.00%, 0, 0, 1, 818.25, 519212, 0
574, 233, 3, 6, 0, 0, 0.00%, 0, 0, 1, 937.29, 524143, 0
579, 236, 3, 6, 0, 0, 0.00%, 0, 0, 1, 948.54, 528982, 0
584, 238, 3, 6, 0, 0, 0.00%, 0, 0, 1, 934.90, 533796, 0
589, 240, 3, 6, 0, 0, 0.00%, 0, 0, 1, 917.04, 538520, 0
594, 242, 3, 6, 0, 0, 0.00%, 0, 0, 1, 910.66, 543171, 0
600, 244, 3, 6, 0, 0, 0.00%, 0, 0, 1, 920.80, 547907, 0
605, 246, 3, 6, 0, 0, 0.00%, 0, 0, 1, 908.71, 552556, 0
610, 248, 3, 6, 0, 0, 0.00%, 0, 0, 1, 927.29, 557334, 0
615, 250, 3, 6, 0, 0, 0.00%, 0, 0, 1, 914.17, 562003, 0
620, 252, 3, 6, 0, 0, 0.00%, 0, 0, 1, 917.86, 566703, 0
625, 255, 3, 6, 0, 0, 0.00%, 0, 0, 1, 916.24, 571451, 0
630, 256, 3, 6, 0, 0, 0.00%, 0, 0, 1, 641.53, 574835, 0
635, 257, 3, 6, 0, 0, 0.00%, 0, 0, 1, 673.25, 577940, 0
640, 260, 3, 6, 0, 0, 0.00%, 0, 0, 1, 887.98, 582592, 0
646, 262, 3, 6, 0, 0, 0.00%, 0, 0, 1, 890.91, 587222, 0
651, 264, 3, 6, 0, 0, 0.00%, 0, 0, 1, 911.82, 591952, 0
656, 266, 3, 6, 0, 0, 0.00%, 0, 0, 1, 857.92, 596348, 0
661, 268, 3, 6, 0, 0, 0.00%, 0, 0, 1, 869.40, 600792, 0
666, 270, 3, 6, 0, 0, 0.00%, 0, 0, 1, 937.37, 605540, 0
671, 272, 3, 6, 0, 0, 0.00%, 0, 0, 1, 912.96, 610312, 0
676, 274, 3, 6, 0, 0, 0.00%, 0, 0, 1, 955.13, 615224, 0
681, 276, 3, 6, 0, 0, 0.00%, 0, 0, 1, 966.85, 620184, 0
687, 279, 3, 6, 0, 0, 0.00%, 0, 0, 1, 963.27, 625176, 0
692, 281, 3, 6, 0, 0, 0.00%, 0, 0, 1, 954.71, 630102, 0
697, 283, 3, 6, 0, 0, 0.00%, 0, 0, 1, 933.24, 634928, 0
702, 285, 3, 6, 0, 0, 0.00%, 0, 0, 1, 914.41, 639396, 0
707, 287, 3, 6, 0, 0, 0.00%, 0, 0, 1, 903.15, 644044, 0
712, 289, 3, 6, 0, 0, 0.00%, 0, 0, 1, 843.14, 648293, 0
717, 291, 3, 6, 0, 0, 0.00%, 0, 0, 1, 907.81, 652956, 0
722, 293, 3, 6, 0, 0, 0.00%, 0, 0, 1, 928.96, 657752, 0
728, 295, 3, 6, 0, 0, 0.00%, 0, 0, 1, 873.98, 662232, 0
733, 297, 3, 6, 0, 0, 0.00%, 0, 0, 1, 859.44, 666530, 0
738, 299, 3, 6, 0, 0, 0.00%, 0, 0, 1, 879.99, 670900, 0
743, 301, 3, 6, 0, 0, 0.00%, 0, 0, 1, 930.73, 675757, 0
748, 303, 3, 6, 0, 0, 0.00%, 0, 0, 1, 937.46, 680592, 0
753, 305, 3, 6, 0, 0, 0.00%, 0, 0, 1, 931.34, 685377, 0
758, 308, 3, 6, 0, 0, 0.00%, 0, 0, 1, 917.86, 690124, 0
763, 310, 3, 6, 0, 0, 0.00%, 0, 0, 1, 932.50, 694884, 0
769, 312, 3, 6, 0, 0, 0.00%, 0, 0, 1, 922.76, 699620, 0
774, 314, 3, 6, 0, 0, 0.00%, 0, 0, 1, 927.42, 704404, 0
779, 316, 3, 6, 0, 0, 0.00%, 0, 0, 1, 884.58, 708793, 0
784, 318, 3, 6, 0, 0, 0.00%, 0, 0, 1, 835.34, 713061, 0
789, 320, 3, 6, 0, 0, 0.00%, 0, 0, 1, 886.60, 717612, 0
794, 322, 3, 6, 0, 0, 0.00%, 0, 0, 1, 918.81, 722300, 0
799, 324, 3, 6, 0, 0, 0.00%, 0, 0, 1, 929.69, 727048, 0
804, 326, 3, 6, 0, 0, 0.00%, 0, 0, 1, 921.75, 731721, 0
810, 328, 3, 6, 0, 0, 0.00%, 0, 0, 1, 935.67, 736556, 0
815, 330, 3, 6, 0, 0, 0.00%, 0, 0, 1, 930.92, 741316, 0
820, 333, 3, 6, 0, 0, 0.00%, 0, 0, 1, 930.29, 746037, 0
825, 335, 3, 6, 0, 0, 0.00%, 0, 0, 1, 940.44, 750824, 0
830, 337, 3, 6, 0, 0, 0.00%, 0, 0, 1, 925.05, 755521, 0
835, 339, 3, 6, 0, 0, 0.00%, 0, 0, 1, 895.47, 760196, 0
840, 341, 3, 6, 0, 0, 0.00%, 0, 0, 1, 883.52, 764556, 0
846, 343, 3, 6, 0, 0, 0.00%, 0, 0, 1, 917.99, 769328, 0
851, 345, 3, 6, 0, 0, 0.00%, 0, 0, 1, 930.47, 774112, 0
856, 347, 3, 6, 0, 0, 0.00%, 0, 0, 1, 925.20, 778860, 0
861, 349, 3, 6, 0, 0, 0.00%, 0, 0, 1, 909.00, 783460, 0
866, 351, 3, 6, 0, 0, 0.00%, 0, 0, 1, 935.03, 788299, 0
871, 354, 3, 6, 0, 0, 0.00%, 0, 0, 1, 933.48, 793059, 0
876, 356, 3, 6, 0, 0, 0.00%, 0, 0, 1, 896.83, 797553, 0
881, 358, 3, 6, 0, 0, 0.00%, 0, 0, 1, 901.14, 802136, 0
887, 360, 3, 6, 0, 0, 0.00%, 0, 0, 1, 866.07, 806496, 0
892, 362, 3, 6, 0, 0, 0.00%, 0, 0, 1, 909.82, 811144, 0
897, 364, 3, 6, 0, 0, 0.00%, 0, 0, 1, 920.03, 815928, 0
902, 366, 3, 6, 0, 0, 0.00%, 0, 0, 1, 935.54, 820761, 0
907, 368, 3, 6, 0, 0, 0.00%, 0, 0, 1, 936.74, 825575, 0
912, 370, 3, 6, 0, 0, 0.00%, 0, 0, 1, 910.05, 830245, 0
917, 372, 3, 6, 0, 0, 0.00%, 0, 0, 1, 943.18, 835129, 0
922, 375, 3, 6, 0, 0, 0.00%, 0, 0, 1, 963.76, 840065, 0
928, 377, 3, 6, 0, 0, 0.00%, 0, 0, 1, 959.75, 844941, 0
933, 379, 3, 6, 0, 0, 0.00%, 0, 0, 1, 935.13, 849620, 0
938, 381, 3, 6, 0, 0, 0.00%, 0, 0, 1, 931.56, 854398, 0
943, 383, 3, 6, 0, 0, 0.00%, 0, 0, 1, 920.79, 859085, 0
948, 385, 3, 6, 0, 0, 0.00%, 0, 0, 1, 899.56, 863689, 0
953, 387, 3, 6, 0, 0, 0.00%, 0, 0, 1, 919.29, 868449, 0
958, 389, 3, 6, 0, 0, 0.00%, 0, 0, 1, 928.45, 873197, 0
963, 391, 3, 6, 0, 0, 0.00%, 0, 0, 1, 928.55, 877945, 0
969, 394, 3, 6, 0, 0, 0.00%, 0, 0, 1, 937.92, 882765, 0
974, 396, 3, 6, 0, 0, 0.00%, 0, 0, 1, 936.02, 887549, 0
979, 398, 3, 6, 0, 0, 0.00%, 0, 0, 1, 914.74, 892225, 0
984, 400, 3, 6, 0, 0, 0.00%, 0, 0, 1, 910.43, 896904, 0
989, 402, 3, 6, 0, 0, 0.00%, 0, 0, 1, 914.38, 901501, 0
994, 404, 3, 6, 0, 0, 0.00%, 0, 0, 1, 906.68, 906144, 0
999, 406, 3, 6, 0, 0, 0.00%, 0, 0, 1, 917.77, 910885, 0
1004, 408, 3, 6, 0, 0, 0.00%, 0, 0, 1, 913.97, 915574, 0
1009, 410, 3, 6, 0, 0, 0.00%, 0, 0, 1, 904.94, 920237, 0
1015, 412, 3, 6, 0, 0, 0.00%, 0, 0, 1, 927.36, 924997, 0
1020, 415, 3, 6, 0, 0, 0.00%, 0, 0, 1, 938.49, 929817, 0
1025, 417, 3, 6, 0, 0, 0.00%, 0, 0, 1, 953.04, 934661, 0
1030, 419, 3, 6, 0, 0, 0.00%, 0, 0, 1, 940.91, 939464, 0
1035, 421, 3, 6, 0, 0, 0.00%, 0, 0, 1, 918.13, 943963, 0
1040, 423, 3, 6, 0, 0, 0.00%, 0, 0, 1, 934.99, 948759, 0
1045, 425, 3, 6, 0, 0, 0.00%, 0, 0, 1, 931.24, 953519, 0
1050, 427, 3, 6, 0, 0, 0.00%, 0, 0, 1, 941.46, 958297, 0
1056, 429, 3, 6, 0, 0, 0.00%, 0, 0, 1, 950.66, 963186, 0
1061, 432, 3, 6, 0, 0, 0.00%, 0, 0, 1, 907.91, 967850, 0
1066, 434, 3, 6, 0, 0, 0.00%, 0, 0, 1, 920.64, 972577, 0
1071, 436, 3, 6, 0, 0, 0.00%, 0, 0, 1, 884.36, 976786, 0
1076, 438, 3, 6, 0, 0, 0.00%, 0, 0, 1, 932.42, 981546, 0
1081, 440, 3, 6, 0, 0, 0.00%, 0, 0, 1, 939.20, 986366, 0
1086, 442, 3, 6, 0, 0, 0.00%, 0, 0, 1, 829.37, 990626, 0
1091, 444, 3, 6, 0, 0, 0.00%, 0, 0, 1, 848.25, 995058, 0
1096, 445, 3, 6, 0, 0, 0.00%, 0, 0, 1, 723.52, 998611, 0
1101, 447, 3, 6, 0, 0, 0.00%, 0, 0, 1, 878.12, 1003274, 0
1107, 449, 3, 6, 0, 0, 0.00%, 0, 0, 1, 885.07, 1007890, 0
1112, 451, 3, 6, 0, 0, 0.00%, 0, 0, 1, 860.04, 1012281, 0
1117, 453, 3, 6, 0, 0, 0.00%, 0, 0, 1, 676.79, 1015686, 0
1122, 455, 3, 6, 0, 0, 0.00%, 0, 0, 1, 794.83, 1019840, 0
1127, 457, 3, 6, 0, 0, 0.00%, 0, 0, 1, 739.49, 1023812, 0
1132, 459, 3, 6, 0, 0, 0.00%, 0, 0, 1, 856.49, 1028427, 0
1137, 460, 3, 6, 0, 0, 0.00%, 0, 0, 1, 853.69, 1032615, 0
1142, 462, 3, 6, 0, 0, 0.00%, 0, 0, 1, 839.36, 1036731, 0
1148, 464, 3, 6, 0, 0, 0.00%, 0, 0, 1, 737.57, 1040480, 0
1153, 466, 3, 6, 0, 0, 0.00%, 0, 0, 1, 808.82, 1044621, 0
1158, 468, 3, 6, 0, 0, 0.00%, 0, 0, 1, 839.22, 1048821, 0
1163, 470, 3, 6, 0, 0, 0.00%, 0, 0, 1, 835.55, 1053045, 0
1168, 472, 3, 6, 0, 0, 0.00%, 0, 0, 1, 888.27, 1057644, 0
1173, 474, 3, 6, 0, 0, 0.00%, 0, 0, 1, 836.66, 1061981, 0
1178, 476, 3, 6, 0, 0, 0.00%, 0, 0, 1, 875.96, 1066462, 0
1184, 477, 3, 6, 0, 0, 0.00%, 0, 0, 1, 812.39, 1070709, 0
1189, 479, 3, 6, 0, 0, 0.00%, 0, 0, 1, 832.26, 1074986, 0
1194, 481, 3, 6, 0, 0, 0.00%, 0, 0, 1, 825.91, 1079266, 0
1199, 483, 3, 6, 0, 0, 0.00%, 0, 0, 1, 842.91, 1083577, 0
1204, 485, 3, 6, 0, 0, 0.00%, 0, 0, 1, 719.77, 1086800, 0
1209, 487, 3, 6, 0, 0, 0.00%, 0, 0, 1, 847.09, 1091258, 0
1214, 489, 3, 6, 0, 0, 0.00%, 0, 0, 1, 929.93, 1096093, 0
1219, 491, 3, 6, 0, 0, 0.00%, 0, 0, 1, 909.62, 1100802, 0
1225, 493, 3, 6, 0, 0, 0.00%, 0, 0, 1, 921.43, 1105489, 0
1230, 495, 3, 6, 0, 0, 0.00%, 0, 0, 1, 900.84, 1110081, 0
1235, 497, 3, 6, 0, 0, 0.00%, 0, 0, 1, 886.92, 1114669, 0
1240, 499, 3, 6, 0, 0, 0.00%, 0, 0, 1, 896.95, 1119321, 0
1245, 501, 3, 6, 0, 0, 0.00%, 0, 0, 1, 862.19, 1123801, 0
1250, 503, 3, 6, 0, 0, 0.00%, 0, 0, 1, 890.82, 1128269, 0
1255, 505, 3, 6, 0, 0, 0.00%, 0, 0, 1, 852.68, 1132637, 0
1261, 507, 3, 6, 0, 0, 0.00%, 0, 0, 1, 733.47, 1136584, 0
1266, 509, 3, 6, 0, 0, 0.00%, 0, 0, 1, 774.69, 1140520, 0
1271, 511, 3, 6, 0, 0, 0.00%, 0, 0, 1, 816.89, 1144786, 0
1276, 513, 3, 6, 0, 0, 0.00%, 0, 0, 1, 878.03, 1149353, 0
1281, 515, 3, 6, 0, 0, 0.00%, 0, 0, 1, 885.89, 1153869, 0
1286, 517, 3, 6, 0, 0, 0.00%, 0, 0, 1, 923.58, 1158665, 0
1291, 519, 3, 6, 0, 0, 0.00%, 0, 0, 1, 892.29, 1163224, 0
1297, 521, 3, 6, 0, 0, 0.00%, 0, 0, 1, 757.04, 1167135, 0
1302, 522, 3, 6, 0, 0, 0.00%, 0, 0, 1, 829.19, 1171533, 0
1307, 524, 3, 6, 0, 0, 0.00%, 0, 0, 1, 711.80, 1175089, 0
1312, 526, 3, 6, 0, 0, 0.00%, 0, 0, 1, 825.28, 1179373, 0
1317, 528, 3, 6, 0, 0, 0.00%, 0, 0, 1, 867.06, 1183924, 0
1322, 530, 3, 6, 0, 0, 0.00%, 0, 0, 1, 871.50, 1188333, 0
1327, 532, 3, 6, 0, 0, 0.00%, 0, 0, 1, 906.74, 1193081, 0
1332, 534, 3, 6, 0, 0, 0.00%, 0, 0, 1, 907.93, 1197745, 0
1338, 536, 3, 6, 0, 0, 0.00%, 0, 0, 1, 915.00, 1202442, 0
1343, 538, 3, 6, 0, 0, 0.00%, 0, 0, 1, 910.95, 1207129, 0
1348, 540, 3, 6, 0, 0, 0.00%, 0, 0, 1, 889.63, 1211678, 0
1353, 542, 3, 6, 0, 0, 0.00%, 0, 0, 1, 873.74, 1216065, 0
1358, 544, 3, 6, 0, 0, 0.00%, 0, 0, 1, 895.37, 1220604, 0
1363, 546, 3, 6, 0, 0, 0.00%, 0, 0, 1, 889.06, 1225118, 0
1368, 548, 3, 6, 0, 0, 0.00%, 0, 0, 1, 893.87, 1229773, 0
1374, 551, 3, 6, 0, 0, 0.00%, 0, 0, 1, 899.08, 1234358, 0
1379, 553, 3, 6, 0, 0, 0.00%, 0, 0, 1, 878.98, 1238838, 0
1384, 554, 3, 6, 0, 0, 0.00%, 0, 0, 1, 849.24, 1243201, 0
1389, 556, 3, 6, 0, 0, 0.00%, 0, 0, 1, 822.14, 1247414, 0
1394, 558, 3, 6, 0, 0, 0.00%, 0, 0, 1, 813.89, 1251482, 0
1399, 560, 3, 6, 0, 0, 0.00%, 0, 0, 1, 816.01, 1255694, 0
1404, 562, 3, 6, 0, 0, 0.00%, 0, 0, 1, 737.37, 1259614, 0
1409, 564, 3, 6, 0, 0, 0.00%, 0, 0, 1, 877.23, 1263970, 0
1415, 566, 3, 6, 0, 0, 0.00%, 0, 0, 1, 826.88, 1268219, 0
1420, 568, 3, 6, 0, 0, 0.00%, 0, 0, 1, 862.83, 1272482, 0
1425, 569, 3, 6, 0, 0, 0.00%, 0, 0, 1, 833.59, 1276682, 0
1430, 571, 3, 6, 0, 0, 0.00%, 0, 0, 1, 876.91, 1281026, 0
1435, 573, 3, 6, 0, 0, 0.00%, 0, 0, 1, 799.65, 1285016, 0
1440, 575, 3, 6, 0, 0, 0.00%, 0, 0, 1, 803.02, 1289134, 0
1445, 577, 3, 6, 0, 0, 0.00%, 0, 0, 1, 841.62, 1293518, 0
1451, 579, 3, 6, 0, 0, 0.00%, 0, 0, 1, 813.43, 1297718, 0
1456, 581, 3, 6, 0, 0, 0.00%, 0, 0, 1, 756.46, 1301533, 0
1461, 582, 3, 6, 0, 0, 0.00%, 0, 0, 1, 811.46, 1305723, 0
1466, 584, 3, 6, 0, 0, 0.00%, 0, 0, 1, 858.78, 1310239, 0
1471, 586, 3, 6, 0, 0, 0.00%, 0, 0, 1, 845.81, 1314542, 0
1476, 588, 3, 6, 0, 0, 0.00%, 0, 0, 1, 897.53, 1319118, 0
1481, 590, 3, 6, 0, 0, 0.00%, 0, 0, 1, 894.35, 1323628, 0
1487, 592, 3, 6, 0, 0, 0.00%, 0, 0, 1, 847.13, 1328042, 0
1492, 594, 3, 6, 0, 0, 0.00%, 0, 0, 1, 764.40, 1331866, 0
1497, 596, 3, 6, 0, 0, 0.00%, 0, 0, 1, 844.52, 1336307, 0
1502, 598, 3, 6, 0, 0, 0.00%, 0, 0, 1, 740.52, 1339935, 0
1507, 600, 3, 6, 0, 0, 0.00%, 0, 0, 1, 838.72, 1344347, 0
1512, 601, 3, 6, 0, 0, 0.00%, 0, 0, 1, 729.40, 1347852, 0
1517, 603, 3, 6, 0, 0, 0.00%, 0, 0, 1, 817.87, 1352159, 0
1522, 605, 3, 6, 0, 0, 0.00%, 0, 0, 1, 875.05, 1356720, 0
1528, 607, 3, 6, 0, 0, 0.00%, 0, 0, 1, 879.89, 1361217, 0
1533, 609, 3, 6, 0, 0, 0.00%, 0, 0, 1, 876.20, 1365646, 0
1538, 611, 3, 6, 0, 0, 0.00%, 0, 0, 1, 869.59, 1370079, 0
1543, 612, 3, 6, 0, 0, 0.00%, 0, 0, 1, 513.54, 1372112, 0
1548, 614, 3, 6, 0, 0, 0.00%, 0, 0, 1, 595.92, 1375434, 0
